937729 217.975 53.945 
938506 236.073 53.945 
ถนนบางบัวทอง-สุพรรณบุรี
939094 236.130 57.715
938542 217.975 57.715 
ถนนบางบัวทอง-สุพรรณบุรี
944401 236.073 53.945 
972561 424.264 53.945 
ทางหลวงแผ่นดินหมายเลข 345
967987 422.454 57.715
942604 236.130 57.715
ทางหลวงแผ่นดินหมายเลข 345
972561 424.264 53.945 
1017101 618.449 53.945
ทางหลวงแผ่นดินหมายเลข 345
1057133 671.618 53.945
1100771 1051.021 53.945
ทางหลวงแผ่นดินหมายเลข 345,ถนนรังสิต-ปทุมธานี
1115969 1074.156 53.945 
1192390 1731.849 53.945
ถนนรังสิต-นครนายก
1192390 1731.849 53.945
1195564 1747.112 53.945
ถนนรังสิต-นครนายก,
1017317 616.447 57.715 
967987 422.454 57.715
ทางหลวงแผ่นดินหมายเลข 345
1100246 1049.31 57.715
1057107 671.618 57.715
ทางหลวงแผ่นดินหมายเลข 345,ถนนรังสิต-ปทุมธานี
1113552 1077.237 57.715
1100246 1049.31 57.715
ถนนรังสิต-ปทุมธานี,
1192039 1731.849 57.715
1113552 1077.237 57.715 
ถนนรังสิต-ปทุมธานี,ถนนรังสิต-นครนายก
1195326 1747.112 57.715
1192039 1731.849 57.715
ถนนรังสิต-นครนายก
934123 234.391 263.784
948414 234.391 38.282
ถนนกาญจนาภิเษก (ถนนวงแหวนรอบนอกด้านตะวันตก)
936601 234.391 350.786
934123 234.391 263.784
ถนนกาญจนาภิเษก (ถนนวงแหวนรอบนอกด้านตะวันตก)
936425 234.391 377.748
936601 234.391 350.786
ถนนกาญจนาภิเษก (ถนนวงแหวนรอบนอกด้านตะวันตก)
934965 234.391 438.042
936425 234.391 377.748
ถนนกาญจนาภิเษก (ถนนวงแหวนรอบนอกด้านตะวันตก)
933892 234.391 467.425
934965 234.391 438.042
ถนนกาญจนาภิเษก (ถนนวงแหวนรอบนอกด้านตะวันตก)
932477 234.391 608.533
933892 234.391 467.425
ถนนกาญจนาภิเษก (ถนนวงแหวนรอบนอกด้านตะวันตก)
932436 234.391 654.768
932477 234.391 608.533
ถนนกาญจนาภิเษก (ถนนวงแหวนรอบนอกด้านตะวันตก)
931921 234.391 698.194
932436 234.391 654.768
ถนนกาญจนาภิเษก (ถนนวงแหวนรอบนอกด้านตะวันตก)
932594 234.391 869.614
933133 234.391 784.313
ถนนกาญจนาภิเษก (ถนนวงแหวนรอบนอกด้านตะวันตก)
936111 234.391 891.765
932594 234.391 869.614
ถนนกาญจนาภิเษก (ถนนวงแหวนรอบนอกด้านตะวันตก)
948621 237.736 38.397 
937075 237.736 197.354
ทางบริการด้านในของทางหลวงพิเศษหมายเลข 9
934284 237.736 263.837
936801 237.736 350.663
ถนนกาญจนาภิเษก (ถนนวงแหวนรอบนอกด้านตะวันตก)
936801 237.736 350.663
936654 237.736 375.804
ถนนกาญจนาภิเษก (ถนนวงแหวนรอบนอกด้านตะวันตก)
936654 237.736 375.804
935004 237.736 436.573
ถนนกาญจนาภิเษก (ถนนวงแหวนรอบนอกด้านตะวันตก)
935004 237.736 436.573
934102 237.736 467.512
ถนนกาญจนาภิเษก (ถนนวงแหวนรอบนอกด้านตะวันตก)
934102 237.736 467.512
932554 237.736 607.190
ถนนกาญจนาภิเษก (ถนนวงแหวนรอบนอกด้านตะวันตก)
932554 237.736 607.190
932563 237.736 653.267
ถนนกาญจนาภิเษก (ถนนวงแหวนรอบนอกด้านตะวันตก)
932563 237.736 653.267
932944 237.736 698.136
ถนนกาญจนาภิเษก (ถนนวงแหวนรอบนอกด้านตะวันตก)
932944 237.736 698.136
933283 237.736 784.438 
ถนนกาญจนาภิเษก (ถนนวงแหวนรอบนอกด้านตะวันตก)
933283 237.736 784.438 
932826 237.736 869.585
ถนนกาญจนาภิเษก (ถนนวงแหวนรอบนอกด้านตะวันตก)
932826 237.736 869.585
935578 237.736 891.891
ถนนกาญจนาภิเษก (ถนนวงแหวนรอบนอกด้านตะวันตก)
937155 237.736 197.354
942136 306.627 197.354
ถนนบางกรวย-ไทรน้อย
942136 306.627 197.354
960686 400.682 197.354
ถนนชัยพฤกษ์
960686 400.682 197.354
1017608 691.274 197.395
ถนนชัยพฤกษ์,สะพานพระราม 4
1008277 665.410 197.354
1011732 671.583 197.354
ถนนแจ้งวัฒนะ
1011732 671.583 197.354
1024732 717.477 197.354
ถนนแจ้งวัฒนะ
1024732 717.477 197.354
1046977 746.933 197.354
ถนนแจ้งวัฒนะ
1046977 746.933 197.354
1052588 771.469 197.354
ถนนแจ้งวัฒนะ
1052588 771.469 197.354
1084006 1091.443 197.354
ถนนแจ้งวัฒนะ
1084006 1091.443 197.354
1084513 1112.880 197.354
ถนนแจ้งวัฒนะ
1084860 1112.880 197.354
1097284 1140.808 197.354
ถนนแจ้งวัฒนะ
1098332 1140.808 197.354
1116284 1285.355 197.354
ถนนรามอินทรา
1116284 1285.355 197.354
1129666 1410.808 197.354
ถนนรามอินทรา
1129666 1410.808 197.354
1144322 1435.558 197.354
ถนนรามอินทรา
1144322 1435.558 197.354 
1162992 1640.425 197.354
ถนนรามอินทรา
1162992 1640.425 197.354
1163871 1660.661 197.354
ถนนรามอินทรา
1163871 1660.661 197.354
1170938 1731.823 197.354
ถนนรามอินทรา
1170938 1731.823 197.354
1176662 1747.112 197.354
ถนนรามอินทรา
941723 304.587 201.405
937058 237.736 201.025
ถนนบางกรวย-ไทรน้อย
960997 400.561 201.025
941723 304.587 201.405
ถนนบางกรวย-ไทรน้อย,ถนนชัยพฤกษ์
1017586 691.333 201.025
960997 400.561 201.025
ถนนชัยพฤกษ์,สะพานพระราม 4
1010503 671.583 201.025
1008522 665.410 201.025
ถนนแจ้งวัฒนะ
1024661 717.527 201.025
1010503 671.583 201.025
ถนนแจ้งวัฒนะ
1046874 748.819 201.025
1024661 717.527 201.025
ถนนแจ้งวัฒนะ
1052056 773.266 201.025
1046874 748.819 201.025
ถนนแจ้งวัฒนะ
1084408 1112.832 201.025
1083897 1091.468 201.025
ถนนแจ้งวัฒนะ
1097116 1140.780 201.025 
1084758 1112.832 201.025
ถนนแจ้งวัฒนะ
1116159 1283.661 201.025
1097294 1140.780 201.025 
ถนนรามอินทรา
1129373 1412.391 201.025
1116159 1283.661 201.025
ถนนรามอินทรา
1140672 1433.945 201.025
1129373 1412.391 201.025
ถนนรามอินทรา
1162867 1642.887 201.025
1140672 1433.945 201.025 
ถนนรามอินทรา 
1163747 1658.901 201.025
1162867 1642.887 201.025
ถนนรามอินทรา
1171389 1731.823 201.025
1163747 1658.901 201.025
ถนนรามอินทรา
1176334 1747.112 201.025
1171389 1731.823 201.025 
ถนนรามอินทรา
936783 237.736 268.345
952030 306.503 268.345
ถนนรัตนาธิเบศร์
952030 306.503 268.345
964303 424.058 268.345 
ถนนรัตนาธิเบศร์
964303 424.058 268.345  
1001057 548.650 268.345
ถนนรัตนาธิเบศร์
1001057 548.650 268.345
1035552 671.501 268.345
ถนนรัตนาธิเบศร์
1035552 671.501 268.345
1053637 773.729 268.345
ถนนงามวงศ์วาน,สะพานข้ามแยก
1053637 773.729 268.345
1066662 1089.715 268.017
ถนนงามวงศ์วาน
1066662 1089.715 268.017
1067150 1112.766 268.345
ถนนงามวงศ์วาน
1067491 1112.766 268.345
1079749 1140.668 268.345
ถนนงามวงศ์วาน
1079899 1140.668 268.345
1096112 1285.388 268.345
ถนนประเสริฐมนูกิจ,ถนนประเสริฐมนูกิจ (ถนนเกษตรนวมินทร์)
1096112 1285.388 268.345
1112986 1321.787 268.345
ถนนประเสริฐมนูกิจ (ถนนเกษตรนวมินทร์)
1112986 1321.787 268.345
1125871 1394.273 268.345 
ถนนประเสริฐมนูกิจ (ถนนเกษตรนวมินทร์)
1125871 1394.273 268.345
1130427 1433.945 268.345
ถนนประเสริฐมนูกิจ (ถนนเกษตรนวมินทร์)
1130427 1433.945 268.345
1144939 1552.004 268.434 
ถนนประเสริฐมนูกิจ (ถนนเกษตรนวมินทร์)
1144939 1552.004 268.434 
1150156 1610.130 268.345
ถนนประเสริฐมนูกิจ (ถนนเกษตรนวมินทร์)
1150156 1610.130 268.345
1152046 1660.554 268.345
ถนนประเสริฐมนูกิจ (ถนนเกษตรนวมินทร์)
1152046 1660.554 268.345
1174998 1730.055 268.345
ถนนประเสริฐมนูกิจ (ถนนเกษตรนวมินทร์)
952118 306.503 272.034
938632 237.736 272.034
ถนนรัตนาธิเบศร์
964246 424.123 272.034
952118 306.503 272.034 
ถนนรัตนาธิเบศร์
997706 548.689 272.034
964246 424.123 272.034
ถนนรัตนาธิเบศร์,สะพานคู่ขนานพระนั่งเกล้า
1026133 670.522 272.034  
997706 548.689 272.034
ถนนรัตนาธิเบศร์  
1066537 1091.285 272.034
1053599 773.712 272.034  
ถนนงามวงศ์วาน
1066934 1112.766 272.034
1066537 1091.285 272.034  
ถนนงามวงศ์วาน
1079518 1140.815 272.034
1067200 1112.766 272.034  
ถนนงามวงศ์วาน
1096048 1285.424 272.034
1079714 1140.815 272.034 
ถนนประเสริฐมนูกิจ,ถนนประเสริฐมนูกิจ (ถนนเกษตรนวมินทร์) 
1112957 1323.513 272.034
1096048 1285.424 272.034
ถนนประเสริฐมนูกิจ (ถนนเกษตรนวมินทร์)
1125831 1394.184 272.034
1112957 1323.513 272.034
ถนนประเสริฐมนูกิจ (ถนนเกษตรนวมินทร์) 
1130288 1433.945 272.034
1125831 1394.184 272.034
ถนนประเสริฐมนูกิจ (ถนนเกษตรนวมินทร์)
1144776 1557.911 272.034
1130288 1433.945 272.034
ถนนประเสริฐมนูกิจ (ถนนเกษตรนวมินทร์)
1149531 1607.042 272.034
1144776 1557.911 272.034
ถนนประเสริฐมนูกิจ (ถนนเกษตรนวมินทร์)
1151951 1660.554 272.034
1149531 1607.042 272.034
ถนนประเสริฐมนูกิจ (ถนนเกษตรนวมินทร์)
1175147 1730.055 272.034
1151951 1660.554 272.034
ถนนประเสริฐมนูกิจ (ถนนเกษตรนวมินทร์)
931583 217.975 466.170
935249 236.149 466.170 
ถนนบรมราชชนนี,
935249 236.149 466.170 
946987 357.944 466.170
ถนนบรมราชชนนี
946987 357.944 466.170
959708 424.258 466.170
ถนนบรมราชชนนี
959708 424.258 466.170
970671 469.749 466.170
ถนนบรมราชชนนี
970671 469.749 466.170
976473 502.974 466.170
ถนนบรมราชชนนี
982843 522.544 466.170
1002158 558.848 466.170
ถนนสิรินธร
1014392 682.826 464.809 
1015653 682.826 457.602
ถนนขาว
1015653 682.826 457.602
1015887 685.548 454.880
ถนนขาว
1015887 685.548 454.880
1018642 693.217 454.880
ถนนสุโขทัย
1022406 723.604 455.119
1025707 756.287 454.957 
ถนนสุโขทัย
1025707 756.287 454.957 
1030434 797.829 454.957
ถนนสุโขทัย
1030434 797.829 454.957
1037541 925.963 454.957
ถนนสุโขทัย 
935279 236.206 468.948
931017 217.975 468.948
ถนนบรมราชชนนี
946804 357.959 468.948
935279 236.206 468.948
ถนนบรมราชชนนี
959467 424.170 468.948
946804 357.959 468.948
ถนนบรมราชชนนี
970821 468.891 468.948
959467 424.170 468.948
ถนนบรมราชชนนี
978781 518.108 468.948
970821 468.891 468.948
ถนนบรมราชชนนี
981657 524.004 470.683
978781 518.108 468.948
ถนนบรมราชชนนี
991341 558.668 493.010
981657 524.004 470.683
ถนนบรมราชชนนี
994547 652.678 553.563
991341 558.668 493.010
ถนนจรัญสนิทวงศ์,ถนนสมเด็จพระปิ่นเกล้า
1002829 694.525 580.518
994547 652.678 553.563
ถนนสมเด็จพระปิ่นเกล้า,สะพานสมเด็จพระปิ่นเกล้า
981990 526.541 468.948
991478 558.962 489.660
ถนนบรมราชชนนี
991478 558.962 489.660
994773 652.854 549.643
ถนนจรัญสนิทวงศ์,ถนนสมเด็จพระปิ่นเกล้า
994773 652.854 549.643
1003683 696.932 577.803 
ถนนสมเด็จพระปิ่นเกล้า,สะพานสมเด็จพระปิ่นเกล้า
1001967 558.768 468.948
982568 526.541 468.948 
ถนนสิรินธร
1017249 696.932 468.948
1014366 683.308 468.948
ถนนราชวิถี
1020777 723.604 468.948
1024332 757.231 468.948
ถนนราชวิถี
1028689 797.829 468.948
1024952 757.231 468.948 
ถนนราชวิถี
1036344 925.963 468.948
1028689 797.829 468.948
ถนนราชวิถี
1038941 994.831 468.948
1036748 925.963 468.948
ถนนราชวิถี
1036344 925.963 468.948
1038998 994.858 465.724
ถนนราชวิถี
1038998 994.858 465.724
1047802 1052.897 465.724
ถนนราชวิถี
1050308 1101.606 465.724 
1049285 1057.911 465.724 
ถนนราชวิถี
1052123 1101.606 465.724 
1054173 1107.451 465.724
ถนนราชวิถี,ถนนดินแดง
1054173 1107.451 465.724
1070823 1207.421 465.724
ถนนดินแดง,อุโมงค์แยกดินแดง,ถนนอโศก-ดินแดง
1070960 1207.421 465.724
1074974 1237.511 465.724 
ถนนอโศก-ดินแดง,ถนนพระราม 9
1074974 1237.511 465.724 
1078273 1253.436 466.170
ถนนพระราม 9
1078273 1253.436 466.170
1087336 1367.051 465.724
ถนนพระราม 9
1087336 1367.051 465.724
1095041 1433.945 465.724
ถนนพระราม 9
1095041 1433.945 465.724
1101021 1458.559 465.724
ถนนพระราม 9
1101021 1458.559 465.724
1107934 1483.980 465.724
ถนนพระราม 9
1107934 1483.980 465.724
1118349 1538.471 465.724
ถนนพระราม 9
1118349 1538.471 465.724
1146050 1627.985 465.724 
ถนนพระราม 9,ถนนศรีนครินทร์
1146164 1627.985 465.724 
1190812 1730.195 465.724
ถนนมอเตอร์เวย์สายกรุงเทพ-ชลบุรี
1052077 1101.645 468.948
1048766 1057.911 468.948
ถนนราชวิถี
1056279 1112.881 468.948
1052192 1101.645 468.948 
ถนนราชวิถี,ถนนดินแดง,,สะพานข้ามแยกสามเหลี่ยมดินแ
1075121 1237.478 468.948
1070797 1207.388 468.948
ถนนอโศก-ดินแดง,ถนนพระราม 9
1078260 1255.160 468.948
1075121 1237.478 468.948
ถนนพระราม 9
1085085 1363.231 468.948
1078260 1255.160 468.948
ถนนพระราม 9
1094974 1435.657 468.948
1085085 1363.231 468.948
 ถนนพระราม 9
1100939 1458.559 468.948
1094974 1435.657 468.948
ถนนพระราม 9
1107744 1483.911 468.948
1100939 1458.559 468.948
ถนนพระราม 9
1117652 1538.380 468.948
1107744 1483.911 468.948
ถนนพระราม 9
992766 651.135 608.636
988492 618.708 608.798
ถนนพรานนก
947712 357.803 610.228
934418 237.736 610.228
ถนนพรานนก-พุทธมณฑล สาย 4 (ถนนพระเทพตัดใหม่)
962576 424.155 610.228
947712 357.803 610.228
ถนนพรานนก-พุทธมณฑล สาย 4 (ถนนพระเทพตัดใหม่)
988492 618.708 608.798
982011 558.669 610.228
ถนนพรานนก
930416 217.975 695.915 
933320 236.178 695.915
ถนนเพชรเกษม
933320 236.178 695.915
943398 347.720 695.915
ถนนเพชรเกษม
943398 347.720 695.915
948852 357.782 695.915
ถนนเพชรเกษม
948852 357.782 695.915
973104 424.308 695.915
ถนนเพชรเกษม
985736 558.781 695.915
996210 584.692 695.915
ถนนเพชรเกษม,ถนนอินทรพิทักษ์
996210 584.692 695.915
1000593 604.925 695.915
ถนนอินทรพิทักษ์ 
933520 236.149 700.277
930640 217.975 700.277
ถนนเพชรเกษม
943546 350.859 700.277
933520 236.149 700.277
ถนนเพชรเกษม
948962 357.706 700.277
943546 350.859 700.277 
ถนนเพชรเกษม
972926 424.095 700.277
948962 357.706 700.277
ถนนเพชรเกษม  
985832 558.614 700.277
972926 424.095 700.277
ถนนเพชรเกษม
996195 582.912 700.277 
985832 558.614 700.277 
ถนนเพชรเกษม,ถนนอินทรพิทักษ์
1000554 604.925 700.277
996195 582.912 700.277
ถนนอินทรพิทักษ์
935963 237.736 778.614
947230 350.859 778.614
ถนนกัลปพฤกษ์
947230 350.859 778.614
973198 422.454 778.614
ถนนกัลปพฤกษ์
973198 422.454 778.614
983634 482.642 778.614
ถนนกัลปพฤกษ์,ถนนราชพฤกษ์
986427 482.642 778.614
988715 556.604 778.614
ถนนราชพฤกษ์,ถนนรัชดาภิเษก
988834 556.604 778.614
999569 608.997 778.614
ถนนราชพฤกษ์
999569 608.997 778.614
1029912 994.931 778.614
ถนนกรุงธนบุรี,สะพานสมเด็จพระเจ้าตากสิน,ถนนสาทรเหนือ
1029912 994.931 778.614
1032920 1014.012 778.614
ถนนสาทรเหนือ
1032920 1014.012 778.614
1035105 1015.818 777.928
ถนนสาทรเหนือ
1035105 1015.818 777.928
1040603 1071.469 728.580
ถนนสาทรเหนือ
1040603 1071.469 728.580
1048817 1131.681 675.188
ถนนสาทรเหนือ
1048817 1131.681 675.188
1048991 1132.597 673.151
ถนนสาทรเหนือ
1048991 1132.597 673.151
1053649 1132.597 657.850
ถนนสาทรเหนือ
1055973 1132.597 596.447 
1056865 1133.88 538.034
ถนนสุขุมวิท,ถนนวิทยุ
947268 350.859 782.404
935462 237.736 782.404
ถนนกัลปพฤกษ์
974319 424.266 782.404
947268 350.859 782.404
ถนนกัลปพฤกษ์
988924 556.604 782.404
987010 482.642 782.404
ถนนราชพฤกษ์
999393 608.997 782.404
989329 556.604 782.404
ถนนราชพฤกษ์
1029819 992.930 782.361
999393 608.997 782.404
ถนนกรุงธนบุรี,สะพานสมเด็จพระเจ้าตากสิน,ถนนสาทรใต้
1032972 1014.400 782.404
1029819 992.930 782.361
ถนนสาทรใต้ 
1033440 1017.117 781.369
1032972 1014.400 782.404
ถนนสาทรใต้ 
1040699 1073.812 730.838
1033440 1017.117 781.369
ถนนสาทรใต้
1048880 1134.457 676.786
1040699 1073.812 730.838
ถนนสาทรใต้
1049068 1135.824 673.738
1048880 1134.457 676.786
ถนนสาทรใต้
1053794 1135.824 657.850
1049068 1135.824 673.738
ถนนสาทรใต้
1054852 1135.824 626.405
1053794 1135.824 657.850
ถนนสาทรใต้,ถนนวิทยุ
1055973 1132.597 596.447
1054896 1135.824 626.405
ถนนวิทยุ
934742 237.736 867.496
946971 342.218 867.496
ถนนเอกชัย
946971 342.218 867.496
947998 350.859 867.496 
ถนนเอกชัย
947998 350.859 867.496
980630 482.642 867.496
ถนนเอกชัย
980630 482.642 867.496
985242 535.942 867.496
ถนนจอมทอง
991812 608.997 867.496
985242 535.942 867.496
ถนนจอมทอง
947020 342.175 871.550
935233 237.736 871.550
ถนนเอกชัย
948035 350.859 871.550
947020 342.175 871.550
ถนนเอกชัย
960975 416.276 871.550
980630 482.642 867.496
ถนนเอกชัย
960670 416.276 871.550
948035 350.859 871.550
ถนนเอกชัย
936005 236.091 889.870 
942554 287.195 889.870
ถนนพระราม 2 (ทางหลวงแผ่นดินหมายเลข 35)
942554 287.195 889.870
950336 342.290 889.870 
ถนนพระราม 2 (ทางหลวงแผ่นดินหมายเลข 35)
950336 342.290 889.870 
960235 400.166 889.870
ถนนพระราม 2 (ทางหลวงแผ่นดินหมายเลข 35)
960235 400.166 889.870
984309 529.449 889.870
ถนนพระราม 2 (ทางหลวงแผ่นดินหมายเลข 35)
984309 529.449 889.870
996189 606.275 889.870
ถนนพระราม 2 (ทางหลวงแผ่นดินหมายเลข 35)
996189 606.275 889.870
996186 608.997 887.148
ถนนพระราม 2 (ทางหลวงแผ่นดินหมายเลข 35)
996186 608.997 887.148
991812 608.997 867.496
ถนนสุขสวัสดิ์
991812 608.997 867.496
994871 608.997 855.317
ถนนสมเด็จพระเจ้าตากสิน
994871 608.997 855.317
999393 608.997 782.404
ถนนสมเด็จพระเจ้าตากสิน
1000713 608.997 742.902
1000916 608.997 704.183
ถนนสมเด็จพระเจ้าตากสิน
936120 236.004 893.858
934026 217.975 893.953
ถนนพระราม 2 (ทางหลวงแผ่นดินหมายเลข 35)
942766 287.195 894.026
936120 236.004 893.858
ถนนพระราม 2 (ทางหลวงแผ่นดินหมายเลข 35)
950390 342.314 893.953
942766 287.195 894.026 
ถนนพระราม 2 (ทางหลวงแผ่นดินหมายเลข 35)
959736 396.252 893.858
950390 342.314 893.953
ถนนพระราม 2 (ทางหลวงแผ่นดินหมายเลข 35)
984018 529.449 894.053
959736 396.252 893.858
ถนนพระราม 2 (ทางหลวงแผ่นดินหมายเลข 35)
996841 606.253 893.858
984018 529.449 894.053
ถนนพระราม 2 (ทางหลวงแผ่นดินหมายเลข 35)
1016052 608.997 930.579
997936 608.997 896.580
ถนนสุขสวัสดิ์
1026739 608.997 947.785
1016052 608.997 930.579
ถนนสุขสวัสดิ์
1029286 608.997 973.905
1026739 608.997 947.785
ถนนสุขสวัสดิ์
1038983 608.997 1011.136
1029286 608.997 973.905
ถนนสุขสวัสดิ์
1029507 612.684 973.905
1039133 612.684 1011.067
ถนนสุขสวัสดิ์
1026802 612.684 947.785
1029507 612.684 973.905
ถนนสุขสวัสดิ์
1016164 612.684 930.579
1026802 612.684 947.785 
ถนนสุขสวัสดิ์
997045 612.684 892.037
1016164 612.684 930.579
ถนนสุขสวัสดิ์
991915 612.684 867.496
997045 612.684 892.037
ถนนสุขสวัสดิ์
994956 612.684 855.317
991915 612.684 867.496
ถนนสมเด็จพระเจ้าตากสิน
999546 612.684 782.404
994956 612.684 855.317
ถนนสมเด็จพระเจ้าตากสิน
1000777 612.684 742.902
999546 612.684 782.404
ถนนสมเด็จพระเจ้าตากสิน
1001105 612.684 704.246
1000777 612.684 742.902
ถนนสมเด็จพระเจ้าตากสิน
1001776 616.961 695.915 
1008902 625.240 696.049
ถนนลาดหญ้า
1008902 625.240 696.049
1010055 641.964 696.049
ถนนลาดหญ้า
1010055 641.964 696.049
1017740 651.135 695.915
ถนนลาดหญ้า
1008852 625.240 700.277
1001829 616.961 700.277
ถนนลาดหญ้า
1010268 641.964 700.277
1008852 625.240 700.277
ถนนลาดหญ้า
1017774 651.135 700.277
1010268 641.964 700.277
ถนนลาดหญ้า
1000777 612.684 742.902 
1017913 651.135 742.902
ถนนเจริญราษฎร์
1026802 612.684 947.785
1048785 1066.742 947.785
ถนนวงแหวนอุตสาหกรรม,
1051161 1070.124 986.040
1096659 1542.349 986.040
ถนนปู่เจ้าสมิงพราย
1096622 1542.349 989.966
1052266 1070.124 989.966
ถนนปู่เจ้าสมิงพราย
1097945 1546.327 937.379 
1130670 1626.042 937.379
ถนนเทพารักษ์
1130670 1626.042 937.379
1163333 1731.756 937.379
ถนนเทพารักษ์
1163333 1731.756 937.379
1165392 1747.112 937.379
ถนนเทพารักษ์
1130617 1626.042 941.155
1097873 1546.327 941.155 
ถนนเทพารักษ์
1166064 1747.112 941.155
1163002 1731.756 941.155
ถนนเทพารักษ์
1118706 1536.924 459.213
1120006 1538.546 444.774 
รามคำแหง 24 แยก 2
1118931 1536.924 534.208
1118706 1536.924 459.213
พัฒนาการ 25,อุโมงค์แยกรามคำแหง 24-ถนนพัฒนาการ 
1120006 1538.546 444.774 
1118896 1540.114 459.213
รามคำแหง 24 แยก 2
1118896 1540.114 459.213
1119077 1540.114 534.208
อุโมงค์แยกรามคำแหง 24-ถนนพัฒนาการ,พัฒนาการ 25
1115949 1485.787 444.774
1120006 1538.546 444.774
รามคำแหง 24 (ซอยเสรี)
1120006 1538.546 444.774
1146906 1626.042 441.922 
รามคำแหง 24 (ซอยเสรี),ถนนหัวหมาก (ซอยรามคำแหง 24)
1146906 1626.042 441.922 
1188520 1725.011 441.922
ถนนกรุงเทพกรีฑา,ถนนศรีนครินทร์-ร่มเกล้า
1188520 1725.011 441.922
1194876 1747.112 441.922 
ถนนศรีนครินทร์-ร่มเกล้า
1120006 1538.546 444.774 
1130221 1570.756 444.774
รามคำแหง 24 (ซอยเสรี)
1146857 1626.042 444.774
1130221 1570.756 444.774
ถนนหัวหมาก (ซอยรามคำแหง 24)
1188530 1725.011 444.774 
1146857 1626.042 444.774
ถนนกรุงเทพกรีฑา,ถนนศรีนครินทร์-ร่มเกล้า
1194858 1747.112 444.774
1188530 1725.011 444.774
ถนนศรีนครินทร์-ร่มเกล้า
1066465 1128.889 364.774
1079327 1253.436 364.774 
ถนนลาดพร้าว
1079327 1253.436 364.774 
1096060 1323.513 364.774
ถนนลาดพร้าว
1096060 1323.513 364.774
1101428 1392.308 364.774
ถนนลาดพร้าว
1101428 1392.308 364.774
1110497 1433.945 364.774
ถนนลาดพร้าว
1144970 1614.071 364.774 
1147949 1626.042 364.774
ถนนลาดพร้าว
1147949 1626.042 364.774
1150354 1658.901 364.774
ถนนลาดพร้าว
1150354 1658.901 364.774
1156530 1697.703 364.774 
ถนนลาดพร้าว,ถนนเสรีไทย
1156530 1697.703 364.774 
1180064 1733.587 364.774 
ถนนเสรีไทย
1180064 1733.587 364.774 
1183113 1747.112 364.774
ถนนเสรีไทย
1079320 1253.436 367.696
1066130 1124.795 367.696
ถนนลาดพร้าว
1096184 1323.513 367.696
1079320 1253.436 367.696
ถนนลาดพร้าว
1101352 1392.308 367.696
1096184 1323.513 367.696
ถนนลาดพร้าว
1110442 1433.945 367.696
1101352 1392.308 367.696
ถนนลาดพร้าว
1144903 1614.071 367.696
1110442 1433.945 367.696
ถนนลาดพร้าว
1147946 1626.042 367.696
1144903 1614.071 367.696
ถนนลาดพร้าว
1150412 1660.588 367.696
1147946 1626.042 367.696
ถนนลาดพร้าว
1156592 1697.703 367.696
1150412 1660.588 367.696
ถนนเสรีไทย
1180113 1733.587 367.696
1156592 1697.703 367.696
ถนนเสรีไทย
1183019 1747.112 367.696
1180113 1733.587 367.696
ถนนเสรีไทย
1106923 1142.286 163.581 
1150100 1410.808 163.581 
ถนนเทพรักษ์,ซอย สุขาภิบาล 5
1149601 1410.808 167.363
1106876 1142.286 167.363
ถนนเทพรักษ์
1134059 1163.702 142.563
1126850 1142.286 142.563
ถนนจันทรุเบกษา
1134059 1163.702 142.563
1134317 1166.489 139.784
ถนนจันทรุเบกษา
1134317 1166.489 139.784
1135870 1166.489 133.254
ถนนเลียบคลองสอง (พหลโยธิน 54/1)
1136595 1167.526 132.217
1135870 1166.489 133.254
ถนนสายไหม
1181926 1410.808 132.217
1136595 1167.526 132.217
ถนนสายไหม,ถนนหทัยราษฎร์
1182094 1410.808 132.217
1193385 1730.055 128.600
ถนนหทัยราษฎร์
1193292 1730.055 132.217
1190814 1686.465 132.217
ถนนหทัยราษฎร์
1182094 1410.808 132.217
1190814 1686.465 132.217
ถนนหทัยราษฎร์
1181926 1410.808 132.217
1156829 1410.808 154.841
ซอย สุขาภิบาล 5
1151553 1410.808 160.533
1156829 1410.808 154.841
ซอย สุขาภิบาล 5
1129666 1410.808 197.354
1129425 1410.808 188.792
รามอินทรา 39 (ซอยสุขาภิบาล 5)
1148654 1410.808 176.956
1129425 1410.808 188.792
ซอย สุขาภิบาล 5
1148654 1410.808 176.956
1151553 1410.808 160.533
ซอย สุขาภิบาล 5
1181926 1410.808 132.217
1151562 1414.101 160.533
ซอย สุขาภิบาล 5
1151562 1414.101 160.533
1148654 1410.808 176.956
ซอย สุขาภิบาล 5
1123961 1122.034 89.021 
1194408 1730.055 89.021
ถนนลำลูกกา
935251 237.736 607.190
947699 357.803 607.190
ถนนพรานนก-พุทธมณฑล สาย 4 (ถนนพระเทพตัดใหม่)